18 0.317383 0.527832 0.103027 0.110352
8 0.424072 0.524902 0.102051 0.0927734
0 0.638184 0.63916 0.0683594 0.0869141
15 0.390137 0.4021 0.0932617 0.0986328
11 0.442505 0.646484 0.0847168 0.0908203
13 0.348389 0.65625 0.101074 0.0966797
6 0.562012 0.645508 0.0947266 0.100586
10 0.662598 0.523437 0.103516 0.102539
22 0.581055 0.407715 0.0947266 0.09375
15 0.51416 0.523437 0.0771484 0.0859375
12 0.47998 0.40332 0.086914 0.0976562
22 0.572754 0.522949 0.0869141 0.0898437
11 0.657227 0.408447 0.0576172 0.0649414
10 0.644043 0.524414 0.0625 0.0976562
11 0.3125 0.408691 0.0708008 0.0727539
12 0.40332 0.734863 0.09375 0.0595703
