4 0.395996 0.635254 0.0844727 0.0898438
2 0.415283 0.31958 0.0913086 0.0849609
4 0.572266 0.519531 0.0830078 0.0888672
10 0.621094 0.620117 0.078125 0.0869141
7 0.485474 0.524902 0.0856933 0.0917968
24 0.307617 0.646484 0.0820312 0.09375
5 0.350586 0.427246 0.0859375 0.0771484
14 0.634277 0.73291 0.0986328 0.0869141
7 0.64209 0.4104 0.0830078 0.0888672
11 0.261658 0.433838 0.0938721 0.100098
13 0.446289 0.426025 0.0898438 0.0766602
20 0.320801 0.326904 0.0893555 0.090332
10 0.756836 0.40918 0.0869141 0.0908203
9 0.247559 0.538574 0.0844726 0.0820312
15 0.547852 0.72998 0.0722656 0.0820312
17 0.598633 0.311279 0.0849609 0.090332
9 0.508911 0.625488 0.102295 0.0859375
8 0.757812 0.516113 0.0957031 0.0800781
17 0.40332 0.527832 0.090332 0.0898437
7 0.50293 0.315186 0.0800781 0.0932617
9 0.660156 0.517578 0.101562 0.0830078
1 0.702148 0.301514 0.0947266 0.0991211
9 0.413574 0.739746 0.0761719 0.0791016
6 0.717285 0.621582 0.0888672 0.0927734
0 0.32666 0.532715 0.0532227 0.0771484
16 0.54541 0.419189 0.0957031 0.0839844
0 0.485352 0.734375 0.0507812 0.0751953
