10 0.368164 0.367187 0.0756836 0.0771484
16 0.255371 0.541992 0.0693359 0.0742187
21 0.462524 0.447876 0.0720215 0.072998
8 0.693359 0.43042 0.0712891 0.0698242
4 0.447144 0.618164 0.0656738 0.0761719
3 0.286621 0.627441 0.0761719 0.0800781
15 0.292236 0.364746 0.0883789 0.0883789
6 0.588379 0.695801 0.0742188 0.0810547
9 0.520996 0.696289 0.0761718 0.0742188
10 0.318359 0.539062 0.0585938 0.0761718
6 0.538574 0.280518 0.0791015 0.0810547
6 0.626953 0.433472 0.0664062 0.0744629
19 0.400635 0.455811 0.0639648 0.0805664
3 0.760742 0.424316 0.0693359 0.0766602
13 0.33374 0.4552 0.0708008 0.0739746
9 0.666504 0.35498 0.0605469 0.0717773
10 0.453491 0.700195 0.0598145 0.0839844
18 0.263672 0.462158 0.0791015 0.0883789
5 0.710937 0.603027 0.0771484 0.0712891
4 0.334228 0.288574 0.0791016 0.0805664
13 0.613769 0.357178 0.0595703 0.0703125
7 0.760254 0.510742 0.0615234 0.0742187
14 0.734375 0.347412 0.0839844 0.0820312
11 0.633789 0.602539 0.0654297 0.0703125
19 0.707031 0.685547 0.0644531 0.0820312
6 0.558594 0.522949 0.0732422 0.071289
17 0.705566 0.516602 0.0644531 0.0820312
2 0.564941 0.438599 0.0664062 0.0690918
7 0.398926 0.699219 0.0532227 0.0761719
16 0.337891 0.703613 0.0698242 0.0654297
14 0.638184 0.519531 0.0839844 0.0820312
10 0.480469 0.281738 0.0644531 0.078125
21 0.559082 0.60791 0.0820312 0.0771484
3 0.347168 0.623535 0.0615234 0.0830078
6 0.428223 0.368164 0.0751953 0.0737305
0 0.594238 0.274902 0.0419922 0.0810547
9 0.449829 0.532227 0.0554199 0.0732422
0 0.514648 0.44397 0.0410156 0.0671387
14 0.550781 0.362793 0.0732422 0.0693359
14 0.387451 0.536133 0.0737305 0.0742187
9 0.638672 0.686035 0.0673828 0.0830078
0 0.500977 0.609375 0.0419922 0.0712891
18 0.414551 0.282715 0.0898438 0.0893555
11 0.501953 0.529785 0.0507812 0.0703125
0 0.658691 0.272461 0.0410156 0.0742187
0 0.389648 0.618652 0.0419922 0.078125
9 0.480347 0.365723 0.0617676 0.0712891
4 0.70459 0.277344 0.0585938 0.0664062
11 0.523437 0.821777 0.0908203 0.0898438
