7 0.418457 0.303223 0.0800781 0.0922852
8 0.336182 0.521484 0.0737305 0.0761718
18 0.677734 0.526855 0.0839844 0.0830078
7 0.484863 0.192322 0.0654297 0.0772705
1 0.326172 0.307861 0.0771484 0.0805664
14 0.304687 0.415283 0.104492 0.0834961
11 0.530762 0.413574 0.0927734 0.0844727
2 0.391357 0.192627 0.0957031 0.0825195
9 0.599609 0.298584 0.0693359 0.0668945
14 0.697266 0.285156 0.104492 0.0996094
0 0.51416 0.297119 0.0566406 0.0771484
11 0.640625 0.181152 0.0761719 0.0849609
22 0.416504 0.415039 0.0981445 0.0869141
8 0.233398 0.30127 0.0751953 0.0688477
2 0.448853 0.520019 0.0856934 0.086914
8 0.561523 0.520996 0.09375 0.0830078
5 0.625 0.406494 0.0898438 0.0888672
10 0.484253 0.625488 0.0783691 0.0957031
6 0.247375 0.522461 0.103882 0.0839843
6 0.570801 0.190002 0.0810547 0.0780029
12 0.70459 0.406738 0.0595703 0.0776367
6 0.222656 0.520996 0.0566406 0.0888672
