19 0.743164 0.457764 0.110352 0.0932617
12 0.596191 0.458008 0.114258 0.100586
1 0.691406 0.216492 0.0830078 0.0860596
14 0.42627 0.581543 0.121094 0.100586
2 0.581055 0.575195 0.101562 0.09375
17 0.270752 0.593262 0.103027 0.0927734
7 0.460693 0.234619 0.0854492 0.0932617
0 0.711426 0.567871 0.0693359 0.0830078
17 0.57959 0.215942 0.103516 0.101318
14 0.308105 0.366455 0.125488 0.0913086
12 0.746094 0.333984 0.104492 0.0883789
4 0.437012 0.34668 0.0898438 0.105957
2 0.345459 0.242187 0.114746 0.0927734
14 0.584473 0.341797 0.148437 0.0957031
14 0.33252 0.472656 0.134277 0.0947265
9 0.224915 0.486816 0.0574951 0.0800781
14 0.481445 0.468262 0.112305 0.0986328
12 0.116943 0.429932 0.0737305 0.0605469
