2 0.694824 0.35376 0.109375 0.122559
11 0.654297 0.509766 0.0859375 0.108398
7 0.550781 0.514526 0.0927734 0.126221
16 0.69873 0.184509 0.12207 0.146606
0 0.728027 0.652832 0.0742188 0.111328
2 0.481323 0.36084 0.107666 0.129883
13 0.45813 0.201294 0.12085 0.119385
11 0.44751 0.517578 0.0874023 0.124023
11 0.803223 0.342285 0.0908203 0.129395
18 0.773926 0.505371 0.129883 0.143555
5 0.634766 0.646484 0.110352 0.125977
0 0.383057 0.356689 0.0683594 0.117676
6 0.574707 0.202332 0.09375 0.10852
4 0.59375 0.351562 0.0712891 0.122559
11 0.525879 0.651855 0.086914 0.104492
0 0.317383 0.511841 0.123535 0.136475
11 0.400635 0.648437 0.129883 0.146484
12 0.285645 0.350342 0.0849609 0.118164
12 0.273682 0.658203 0.0932617 0.131836
