19 0.44397 0.646484 0.102295 0.103516
9 0.582519 0.524902 0.0966797 0.101562
8 0.678711 0.53125 0.103516 0.104492
11 0.772949 0.287842 0.110352 0.119629
10 0.426758 0.522461 0.0839844 0.101562
10 0.380127 0.413818 0.100586 0.109863
7 0.537109 0.774902 0.0849609 0.100586
2 0.333252 0.519043 0.105469 0.104492
9 0.652832 0.290527 0.105469 0.109375
6 0.46228 0.289062 0.0715332 0.107422
9 0.771973 0.532227 0.0859375 0.101562
7 0.632812 0.656738 0.0800781 0.109375
5 0.722168 0.657227 0.0986328 0.108398
3 0.346191 0.643555 0.0976562 0.101562
8 0.222351 0.522461 0.110474 0.100586
11 0.211731 0.766602 0.0921631 0.104492
22 0.541992 0.647461 0.102539 0.105469
19 0.861816 0.537598 0.0869141 0.105469
8 0.243103 0.64209 0.11145 0.102539
4 0.546875 0.287353 0.0839843 0.110352
11 0.75 0.788086 0.0976562 0.116211
14 0.323242 0.770996 0.121582 0.108398
0 0.5 0.523437 0.0634765 0.100586
11 0.283691 0.408447 0.0991211 0.108398
4 0.845215 0.409912 0.0947266 0.114746
18 0.645508 0.777344 0.119141 0.119141
24 0.434326 0.770019 0.0942383 0.113281
23 0.26239 0.289551 0.118774 0.116211
7 0.734375 0.410889 0.09375 0.111328
20 0.506714 0.176025 0.13208 0.108887
9 0.82373 0.660156 0.104492 0.114258
17 0.136963 0.644043 0.0898437 0.103516
14 0.499023 0.410889 0.121094 0.101074
18 0.161743 0.407715 0.128174 0.129883
10 0.375 0.284668 0.0976562 0.10498
9 0.111847 0.526367 0.0961304 0.0986328
14 0.534668 0.883301 0.126953 0.0986328
17 0.623535 0.406738 0.103516 0.103027
10 0.405762 0.888672 0.0878906 0.102539
